              precision    recall  f1-score   support

         0.0       1.00      1.00      1.00      3094
         1.0       1.00      1.00      1.00     36386
         2.0       1.00      1.00      1.00     10997
         3.0       0.99      1.00      0.99      2609
         4.0       0.99      1.00      1.00       122
         5.0       1.00      1.00      1.00      4099
         6.0       1.00      1.00      1.00     10384
         7.0       0.99      0.99      0.99       188
         8.0       1.00      1.00      1.00     42820
         9.0       1.00      1.00      1.00     12702

    accuracy                           1.00    123401
   macro avg       1.00      1.00      1.00    123401
weighted avg       1.00      1.00      1.00    123401
