              precision    recall  f1-score   support

           0       1.00      1.00      1.00      1213
           1       1.00      1.00      1.00     14599
           2       0.99      1.00      1.00      4359
           3       0.99      0.99      0.99      1086
           4       0.94      1.00      0.97        50
           5       0.99      0.99      0.99      1654
           6       1.00      1.00      1.00      4124
           7       0.84      1.00      0.91        77
           8       1.00      1.00      1.00     17137
           9       1.00      1.00      1.00      5062

    accuracy                           1.00     49361
   macro avg       0.97      1.00      0.99     49361
weighted avg       1.00      1.00      1.00     49361
