              precision    recall  f1-score   support

           0       1.00      1.00      1.00      1213
           1       1.00      1.00      1.00     14599
           2       0.97      0.98      0.97      4359
           3       0.88      1.00      0.94      1086
           4       0.72      1.00      0.84        50
           5       1.00      0.80      0.89      1654
           6       0.87      1.00      0.93      4124
           7       0.55      1.00      0.71        77
           8       1.00      1.00      1.00     17137
           9       1.00      0.91      0.95      5062

    accuracy                           0.98     49361
   macro avg       0.90      0.97      0.92     49361
weighted avg       0.98      0.98      0.98     49361
