              precision    recall  f1-score   support

         0.0       1.00      1.00      1.00      1213
         1.0       1.00      1.00      1.00     14599
         2.0       1.00      1.00      1.00      4359
         3.0       0.99      1.00      0.99      1086
         4.0       0.93      1.00      0.96        50
         5.0       0.99      0.99      0.99      1654
         6.0       1.00      1.00      1.00      4124
         7.0       0.92      0.99      0.95        77
         8.0       1.00      1.00      1.00     17137
         9.0       1.00      1.00      1.00      5062

    accuracy                           1.00     49361
   macro avg       0.98      1.00      0.99     49361
weighted avg       1.00      1.00      1.00     49361
